0.5903614457831
0.5421686746988
1
1
0.8815789473684
1
1
0.8058252427184
1
0.7669902912621
1
1
0.530487804878
1
1
0.2317073170732
0.5670731707317
1
0.5810810810811
0.5689655172414
0.9137931034483
0.5862068965517
1
0.655737704918
1
1
1
1
1
1
0.4646464646465
1
0.2916666666667
1
0.6893203883495
0.6796116504854
1
0.6796116504854
0.5631067961165
1
1
1
1
1
1
1
1
1
1
0.620320855615
1
0.4866310160428
0.2408376963351
0.4607329842932
0.5497382198953
0.7643979057592
0.7434554973822
0.6714285714286
0.8285714285714
1
1
1
1
1
0.6142857142857
1
0.8235294117647
1
0.5
1
1
1
1
1
1
1
1
0.433734939759
1
1
0.3614457831325
1
1
0.4742268041237
0.78
0.72
1
1
1
1
1
0.8161764705882
0.43125
1
0.61875
0.525
1
0.28125
0.36875
1
0.2125
0.8
0.8875
0.4125
0.15625
1
1
1
0.24375
1
0.5
0.99375
1
1
1
1
0.6081081081081
1
0.7297297297297
1
0.6891891891892
1
1
1
0.6081081081081
0.8513513513514
0.7567567567568
0.7432432432432
1
0.9189189189189
1
1
0.2702702702703
0.9459459459459
0.6081081081081
0.972972972973
1
0.6081081081081
1
1
0.527027027027
0.972972972973
0.7837837837838
1
0.8243243243243
1
1
0.5921450151057
1
1
0.7583081570997
1
0.5256797583082
0.2054380664653
1
0.2567975830816
0.7643504531722
1
0.4682779456193
1
0.5045317220544
0.5105740181269
1
0.6666666666667
1
0.725
1
0.4416666666667
1
1
1
1
0.7166666666667
1
0.725
1
1
1
1
1
0.4
1
0.8
1
1
0.5
0.55
0.5666666666667
0.6333333333333
1
0.35
0.7416666666667
1
0.8666666666667
1
0.5916666666667
1
0.1916666666667
1
1
0.7916666666667
1
1
0.6166666666667
0.75
0.2666666666667
1
1
1
0.5083333333333
1
0.6
0.325
0.725
1
0.65
0.6416666666667
0.9083333333333
0.6416666666667
0.725
0.3916666666667
1
0.6475409836066
1
0.5409836065574
1
1
1
0.6119402985075
0.8805970149254
0.7686567164179
1
0.3507462686567
1
1
0.6641791044776
1
0.4179104477612
0.7537313432836
1
1
0.4179104477612
1
0.4626865671642
0.6567164179104
0.4328358208955
0.6417910447761
0.3955223880597
0.5522388059701
0.8358208955224
1
0.7462686567164
0.7164179104478
1
0.589552238806
1
1
1
0.8507462686567
0.6865671641791
1
1
0.7686567164179
0.865671641791
1
1
0.8780487804878
0.7560975609756
1
0.5548780487805
1
1
1
0.4939024390244
1
0.6158536585366
1
0.6951219512195
1
0.2865853658537
1
1
1
0.7987804878049
1
0.7012195121951
0.7628865979381
0.8969072164948
0.8556701030928
1
1
0.8108108108108
0.7297297297297
0.2058823529412
0.6617647058824
1
0.5441176470588
0.3382352941176
0.7352941176471
0.5441176470588
0.6911764705882
1
0.3529411764706
1
0.6470588235294
1
1
0.2352941176471
1
1
1
0.6470588235294
0.6911764705882
1
0.5294117647059
1
0.7205882352941
1
1
1
1
1
0.6323529411765
1
1
1
0.8970588235294
1
0.8676470588235
0.8382352941176
0.8235294117647
0.3970588235294
0.5441176470588
1
0.3970588235294
0.7205882352941
1
1
1
1
1
0.7625
0.825
0.84375
0.80625
0.70625
1
0.7
1
0.7875
0.9375
0.70625
0.65625
0.796511627907
1
1
0.5142857142857
1
1
0.6571428571429
1
1
1
0.3428571428571
1
1
0.7714285714286
1
1
1
1
0.7714285714286
1
1
1
1
1
1
1
1
1
1
0.8552631578947
1
0.7894736842105
1
1
1
1
0.6016260162602
1
1
1
0.4308943089431
1
0.8048780487805
0.9105691056911
1
0.6310160427807
0.6363636363636
1
1
0.6351931330472
0.7896995708155
0.8111587982833
0.7510729613734
1
1
1
1
1
0.8927038626609
1
1
1
1
1
0.7167381974249
1
0.7854077253219
0.7678571428571
1
1
1
1
0.8418079096045
1
0.8418079096045
0.7005649717514
1
1
1
0.56
0.64
1
0.56
0.48
1
1
0.9342105263158
1
0.5
0.9166666666667
1
1
1
0.7014925373134
1
0.7611940298507
0.7910447761194
0.5373134328358
1
1
1
0.5463917525773
1
1
1
0.6494845360825
1
1
1
0.8292682926829
1
1
1
0.8305084745763
0.1694915254237
0.7118644067797
0.864406779661
0.8474576271186
0.8135593220339
0.6949152542373
1
0.2881355932203
1
0.7118644067797
1
0.7966101694915
1
0.4237288135593
1
1
0.7627118644068
1
0.728813559322
0.7966101694915
0.7966101694915
1
1
1
1
1
1
0.4352941176471
0.7882352941176
0.822695035461
0.9645390070922
1
0.7006802721088
1
1
1
0.6360544217687
1
1
1
1
1
1
0.5730337078652
1
0.752808988764
1
1
0.8314606741573
0.438202247191
0.623595505618
0.8089887640449
0.7134831460674
1
0.7247191011236
1
0.5674157303371
0.5505617977528
1
0.685393258427
0.6011235955056
0.5898876404494
1
0.685393258427
0.7640449438202
0.5898876404494
1
1
0.4044943820225
0.4662921348315
0.7303370786517
1
0.5393258426966
0.6123595505618
1
1
0.4438202247191
0.3202247191011
0.5393258426966
0.4438202247191
1
1
1
0.4943820224719
0.5168539325843
1
1
0.2022471910112
1
0.6629213483146
1
1
0.327868852459
0.8196721311475
0.4918032786885
0.6885245901639
1
1
0.3934426229508
0.5901639344262
1
1
0.8852459016393
0.3934426229508
0.3114754098361
1
1
1
1
0.655737704918
1
0.2622950819672
1
1
1
0.4426229508197
1
0.5737704918033
1
1
0.5573770491803
1
1
0.7213114754098
0.2950819672131
0.3770491803279
0.5081967213115
1
1
0.7647058823529
0.8970588235294
0.6102941176471
1
0.7426470588235
0.7205882352941
1
1
0.7426470588235
1
1
1
0.8014705882353
1
1
0.8014705882353
1
1
0.5294117647059
0.3382352941176
1
1
1
1
1
1
1
0.9338235294118
1
0.2573529411765
1
1
1
0.6703296703297
1
0.5824175824176
1
0.5604395604396
0.7692307692308
1
0.6923076923077
1
0.7252747252747
0.7582417582418
1
1
1
0.7073170731707
0.7926829268293
0.8292682926829
1
1
0.9268292682927
1
0.8536585365854
0.7439024390244
1
1
1
0.9634146341463
1
1
1
1
0.8541666666667
0.6458333333333
0.1666666666667
1
1
0.6875
1
1
0.8125
0.1666666666667
0.3125
1
1
0.25
1
0.375
1
0.3333333333333
1
0.2708333333333
0.6166666666667
0.8083333333333
0.775
1
0.875
1
1
1
0.7833333333333
0.5166666666667
0.8833333333333
0.5340909090909
0.5227272727273
1
0.9048913043478
0.675
0.34375
0.16875
0.16875
1
1
0.375
0.9125
1
1
1
1
1
1
0.8235294117647
0.7941176470588
1
1
1
1
1
1
1
1
0.5588235294118
1
1
1
0.5238095238095
1
0.6761904761905
0.8190476190476
1
1
1
0.8229166666667
1
1
1
1
1
0.8632478632479
1
0.7777777777778
1
0.8290598290598
0.3513513513514
1
1
1
0.7162162162162
1
1
1
1
1
1
1
1
1
1
0.747572815534
0.6407766990291
0.8446601941748
1
1
1
1
0.6875
1
1
0.3375
0.0125
0.6710526315789
1
0.5548780487805
0.5487804878049
0.3719512195122
1
0.4085365853659
0.8243243243243
1
0.6393442622951
1
0.6833333333333
1
1
0.8252427184466
1
0.8260869565217
1
0.02941176470588
0.5882352941176
1
0.6898395721925
0.09947643979058
0.4607329842932
0.4816753926702
0.8534031413613
1
0.7714285714286
1
1
1
0.8823529411765
0.6176470588235
0.6470588235294
1
0.7352941176471
1
1
0.702479338843
1
1
1
1
1
0.68
0.3308823529412
1
0.54375
1
0.43125
0.5625
1
0.6903225806452
0.4451612903226
1
0.8580060422961
0.3655589123867
0.5416666666667
0.9166666666667
0.7333333333333
1
1
1
0.6916666666667
0.7333333333333
1
0.7416666666667
1
1
1
0.7416666666667
0.65
1
1
1
1
1
0.6417910447761
1
0.6492537313433
0.5223880597015
0.5671641791045
0.455223880597
1
0.3358208955224
1
1
0.8582089552239
0.8582089552239
1
0.8283582089552
1
1
1
0.5149253731343
1
0.9179104477612
0.6829268292683
0.719512195122
1
0.6036585365854
1
1
1
1
1
1
0.6524390243902
1
1
1
0.1280487804878
1
0.6341463414634
0.3109756097561
0.719512195122
1
0.4852941176471
0.4411764705882
1
1
1
1
0.5441176470588
1
0.2794117647059
1
1
1
1
0.8235294117647
0.7794117647059
0.6470588235294
1
0.3088235294118
1
1
1
1
1
0.7205882352941
0.5882352941176
0.5294117647059
1
1
0.9117647058824
0.3235294117647
0.2941176470588
0.6029411764706
0.1176470588235
1
0.2794117647059
1
0.6029411764706
0.9264705882353
0.7205882352941
0.6470588235294
1
1
1
0.6176470588235
0.5735294117647
1
0.64
0.6610169491525
0.8510638297872
1
0.8483146067416
0.8539325842697
0.8932584269663
0.752808988764
0.8314606741573
0.6460674157303
1
0.8651685393258
0.6067415730337
0.3707865168539
1
1
1
0.3089887640449
0.7752808988764
0.6404494382022
0.7921348314607
0.5786516853933
0.876404494382
0.1966292134831
0.4775280898876
0.2696629213483
0.6348314606742
1
1
0.7808988764045
1
0.672131147541
1
0.8524590163934
1
1
1
0.1803278688525
0.2295081967213
1
0.2459016393443
1
1
0.344262295082
1
1
0.3606557377049
0.9016393442623
0.2131147540984
0.6229508196721
1
0.7049180327869
0.2950819672131
1
1
1
1
0.5882352941176
0.6764705882353
1
0.5
1
1
1
0.8308823529412
1
0.7941176470588
1
0.6617647058824
0.6544117647059
0.5367647058824
0.7647058823529
1
1
1
0.2647058823529
1
0.3161764705882
1
1
1
0.1318681318681
1
1
1
0.8241758241758
0.7362637362637
0.4146341463415
0.2682926829268
1
1
1
0.8292682926829
0.8170731707317
0.9146341463415
0.7560975609756
0.5731707317073
0.719512195122
1
0.8536585365854
0.8536585365854
1
1
1
1
1
1
1
1
1
1
1
0.9166666666667
0.6666666666667
0.625
1
0.75
1
1
0.8958333333333
0.4791666666667
1
0.7083333333333
0.2291666666667
1
0.1583333333333
0.2666666666667
0.8416666666667
0.8166666666667
0.8166666666667
1
0.36875
0.2375
0.20625
0.35625
0.2375
0.1875
0.35
0.41875
1
0.2125
1
0.31875
0.3875
0.16875
0.54375
0.525
1
0.3736263736264
1
1
1
0.6764705882353
0.3235294117647
0.7058823529412
1
1
1
1
0.8543689320388
1
0.7375
1
